128.055939
155.921432
125.711067
155.881760
128.000549
155.973358
125.127083
156.681931
128.220184
156.420074
124.575546
156.432770
128.450928
157.417007
125.322281
156.575012
127.678932
157.049713
124.980026
156.867035
128.025085
157.019196
124.659424
157.210602
128.122955
157.237717
125.780144
156.881317
127.983635
156.971222
125.004234
157.153885
127.992584
158.020233
124.653084
159.404434
127.645485
156.947250
126.266899
156.306534
128.085480
156.359970
125.706512
156.655151
127.048302
157.406326
125.227768
158.130402
126.961594
157.264343
125.984169
156.059326
127.966255
155.867737
125.645050
156.230087
127.325531
155.973572
124.556931
156.299652
126.260765
158.732956
126.517776
156.755096
127.214180
156.441208
125.669807
155.944183
126.903763
155.402802
124.715218
154.578995
123.722046
209.424988
129.982178
214.234085
123.927773
218.060120
130.710846
220.578278
124.410118
221.465805
130.516602
222.049927
124.799171
175.623871
130.956497
183.900665
124.104477
193.515427
130.645844
201.489700
123.931839
207.281128
130.874969
211.221298
125.283638
129.146667
131.832901
136.306671
125.296494
146.645416
130.710648
158.490753
125.435181
166.602203
130.598679
175.148438
128.010986
105.573914
131.159622
108.416069
127.115089
111.889763
130.696945
116.942001
126.571175
121.983147
130.398727
128.952026
128.617065
101.630707
130.881744
100.150620
128.210938
101.274399
130.053177
102.204292
127.235794
102.612778
129.752335
105.828087
128.967346
100.128166
130.024567
100.397026
128.549500
100.442162
130.126495
101.065857
127.121201
101.095070
130.192703
102.977036
126.712769
227.811935
128.104980
228.943176
127.143250
230.679504
127.245148
232.754089
127.279305
233.365814
127.076424
230.509979
126.181816
230.163940
128.388535
232.290451
127.010254
234.271393
127.305801
236.947769
127.404366
237.360229
126.866165
235.008026
126.779167
231.429520
128.257675
233.545563
127.476974
234.458252
127.452080
236.106613
127.543289
236.705872
126.443840
236.514664
127.008766
230.927032
128.346741
232.414871
127.575134
234.174484
127.617981
235.724731
127.530922
236.670746
126.614769
235.944641
127.063316
229.089249
128.861649
231.053482
126.846451
234.464371
127.605743
236.491165
127.491577
236.912704
127.148254
236.009903
127.535728
226.441391
127.906631
229.082932
127.653305
231.451630
127.460251
233.982010
128.035431
235.114166
127.455116
234.739853
132.169708
134.220596
130.129333
130.148468
131.392624
128.973053
130.457397
126.754066
131.294540
124.572258
129.735443
125.928627
130.859543
171.351532
129.302872
162.712570
131.445816
154.169357
130.151352
145.678406
131.462646
139.087631
129.898972
133.353363
129.043655
209.334900
128.389755
203.798615
129.113800
196.967102
128.725113
189.016525
130.484680
180.186539
130.185822
170.161926
128.436813
228.946136
127.853371
226.929260
128.103653
224.366852
128.004608
220.840424
128.569687
215.315491
128.669235
209.243866
128.694778
235.730484
127.836708
236.193253
127.906815
236.384750
128.184357
235.110138
127.855453
233.080704
128.052780
229.956924
128.342087
232.617340
128.051163
234.841858
128.091232
236.626389
127.724304
237.055450
127.855865
236.198593
127.878883
235.121414
128.793076
112.025696
129.923157
111.673233
128.991699
111.950249
129.881287
112.560822
128.514908
113.658463
129.910583
113.762756
128.971680
111.231491
129.998138
111.004494
128.844299
111.124229
129.970337
111.899666
128.844620
112.613457
130.059189
113.100021
128.517441
111.647339
129.978668
111.290413
128.608429
111.548981
130.200668
111.721680
129.172028
112.112175
129.900208
112.792015
128.465134
112.182640
130.141037
112.160049
128.695236
112.049950
129.970612
112.164444
128.990921
112.506111
129.697540
113.133263
128.204681
112.271942
130.188538
111.937126
128.249573
111.932243
129.763733
112.100334
128.868942
112.489319
129.228119
113.452072
128.287674
112.213333
130.212723
111.850868
128.264191
112.592293
129.960098
113.391945
128.239441
114.091637
129.491821
115.225487
128.177124
66.277847
128.182129
66.208847
128.314590
66.010956
128.333908
66.006531
128.326584
66.422897
128.289810
66.937332
128.139313
66.021217
128.162308
65.785583
128.269043
65.798172
128.177338
65.824806
128.446899
65.997818
128.162430
67.205078
128.210403
65.335556
128.162598
65.375923
128.205215
65.398773
128.206406
65.654007
128.460464
66.137009
128.102493
66.888481
128.251617
64.822372
128.255661
64.565903
128.265182
65.010513
128.289948
65.423500
128.346008
65.932503
128.096756
66.699348
128.348526
64.624969
128.108124
64.890312
128.433777
64.863792
128.180984
65.115608
128.365280
65.941032
128.145264
67.005096
128.259354
64.353157
127.998550
64.724274
128.271698
64.894661
128.116043
65.028961
128.347336
65.565361
128.051071
66.910950
127.622528
227.357986
128.502518
228.950485
127.518738
229.751129
127.855331
230.100052
126.886436
228.886337
128.381485
226.607376
127.771454
227.117065
128.130798
229.856369
127.521324
232.276001
127.681908
234.179092
127.018875
234.103821
127.986977
232.778122
127.623566
215.647598
128.694122
219.821396
127.804291
223.240479
127.842499
227.390076
127.310066
229.391602
128.274048
230.315140
128.051727
189.161530
129.062225
195.823120
127.911766
202.151962
129.033203
207.569016
127.629997
211.734055
129.428268
214.332520
129.850632
153.223526
129.539459
159.513321
129.289886
167.120468
129.823471
174.495621
128.902222
181.433289
129.794983
186.868454
130.762009
132.452301
129.407837
133.576675
131.217178
136.582779
128.976547
142.843155
130.377563
148.667084
129.257889
154.214432
128.266266
51.571720
127.911781
50.443756
127.982880
50.760872
128.179169
50.392193
128.090973
51.177670
128.060257
52.007267
128.085358
51.078476
128.034698
50.287590
128.060760
49.967319
128.075470
50.116238
128.056396
50.846371
128.072083
51.822605
127.986664
50.619637
128.018204
49.271881
127.876968
49.362644
127.973984
50.146881
128.040558
50.887810
128.128021
51.846508
127.904579
50.117363
127.990044
49.403034
127.841263
49.227242
128.030334
49.662693
128.003830
50.481476
128.052078
51.169170
127.990471
49.758621
127.991669
49.071842
128.080215
48.004318
127.939636
49.116497
128.162354
49.952152
127.976555
50.947365
127.973274
50.039337
127.986519
48.387299
128.099564
47.905464
128.102188
49.090782
128.082031
49.842098
127.965485
50.703098
129.826859
112.139366
129.396042
113.035896
130.069473
113.477234
129.482346
113.494102
130.602066
113.655533
129.272858
114.406242
130.284210
108.211693
129.423630
109.522499
129.920227
110.095345
129.723297
109.846428
130.324875
110.777267
129.495880
111.530396
131.365005
126.389305
128.583725
119.369682
130.386551
115.001694
128.836411
112.421204
131.073227
111.553123
129.572968
111.617332
131.101593
168.903900
127.575386
157.594238
131.098083
146.790710
127.227463
137.918991
131.704330
130.466583
127.944344
125.219559
129.636444
208.233505
127.033386
201.242218
130.333298
193.750320
126.736038
183.355194
130.544022
174.030716
127.004005
164.943268
129.080765
224.848541
126.257225
224.015747
129.089340
220.321854
126.938889
214.767288
129.158264
208.414856
126.656700
200.577606
128.198807
251.519897
126.932068
251.500000
128.222855
251.550049
126.994781
251.513123
127.988289
251.367416
126.856216
250.209137
128.143127
252.464661
126.717545
252.728729
128.076279
252.829346
126.729706
252.398697
128.017868
251.589005
126.883049
250.382690
128.134689
252.815536
126.756271
253.090652
128.089249
253.036484
126.673721
252.436447
127.953720
251.683304
126.749138
250.604141
128.061096
252.964050
126.734711
253.049316
128.078110
252.978043
126.643646
252.458160
127.903595
251.971344
126.786407
251.092499
128.061417
252.952347
126.657913
253.004196
128.066650
252.815720
126.497467
252.394867
128.040054
251.729141
126.664093
250.610260
128.048279
253.100555
126.669846
253.091827
127.994797
252.718933
126.522064
252.033539
128.080551
251.332748
126.617432
249.764313
128.680603
210.702774
132.884079
210.936920
128.601196
210.533005
133.167816
209.894669
128.639130
209.377823
132.412613
209.095749
127.537506
213.232208
133.036407
213.510056
127.523964
213.499161
132.816910
213.233643
127.862961
211.941254
132.669022
210.901627
126.542915
213.720749
133.724197
214.294876
127.676102
214.196274
133.277420
215.041901
127.415001
213.254532
132.308670
212.677902
126.259651
213.900024
133.689545
213.671967
126.992775
213.812637
133.455444
213.132126
127.802078
212.536255
131.791428
211.489227
126.237473
212.067444
133.513641
210.875656
126.792877
212.099045
133.770157
212.503662
127.054840
211.815857
132.226044
209.253387
126.411995
208.288376
134.493759
207.130142
126.080933
208.548737
134.213196
210.413147
127.274345
209.053070
133.748154
207.616211
117.550690
185.994080
140.584030
186.565750
117.647263
186.856873
140.532379
187.305511
117.803497
187.874130
140.438416
188.488159
117.978889
186.664001
140.419922
186.328293
117.947639
186.589874
140.838074
186.875244
117.624451
187.315506
140.608505
187.547379
117.646477
184.475769
141.232910
184.256989
117.294922
184.513977
141.409424
184.263397
117.154564
184.195801
141.064407
185.699326
117.128304
183.378510
141.390518
183.576538
116.936882
183.759628
141.726395
183.661636
117.226387
183.694458
141.344345
185.269699
116.937370
183.492493
141.059784
184.592072
116.774025
184.389069
141.469727
184.415283
116.616402
184.856674
140.491409
184.681198
116.715782
185.148788
140.897919
184.852722
116.723953
185.326660
140.864899
185.869446
117.242882
186.780136
140.218002
186.940735
126.172478
192.423264
126.495155
180.920609
126.555939
165.709320
127.543861
150.215576
127.129265
134.118515
128.851669
122.237503
126.069862
188.825592
126.917236
175.426300
126.441986
158.816940
127.854393
142.169891
126.967369
126.959930
128.890259
115.241684
125.904137
182.400208
127.351669
168.372559
126.580544
151.355072
128.169220
135.436646
127.377029
122.015617
128.663269
112.277992
125.496262
175.170959
127.922256
162.231567
126.789192
146.061020
128.635010
130.757782
127.187576
118.644409
128.691803
109.382736
126.158501
167.775528
127.635414
154.236771
126.688385
139.506897
128.010635
125.002907
127.407227
114.079041
129.189011
105.485741
126.867424
161.836807
127.202644
146.382797
127.138458
131.969421
127.743538
119.106247
128.046158
110.121742
129.745361
102.861458
128.916519
233.596848
127.743271
226.877991
128.376801
216.853378
128.639664
201.188980
127.731987
188.050751
129.178436
175.530273
128.346024
234.716537
127.360802
227.441788
128.121384
216.906326
128.538452
201.003311
127.779457
188.165131
129.515976
173.826096
127.979683
231.679794
127.824936
223.959259
127.951981
212.969025
128.888977
198.158432
127.722549
184.044861
129.675476
171.502975
128.248062
230.224518
128.039642
221.389099
127.890480
209.187988
129.122070
192.450439
128.039383
180.378876
129.434769
167.329681
127.905403
229.661392
128.113022
219.893555
127.954865
206.852142
128.769043
189.737534
127.512306
177.296005
129.454712
165.168579
127.907806
228.128708
127.510002
217.583298
128.162247
205.374542
128.275223
188.647919
127.723457
176.757141
129.116852
164.449677
128.771072
98.520164
129.376419
97.895386
128.777695
98.003395
129.012085
98.418976
129.434006
98.625740
128.952042
99.119423
128.681656
98.967529
129.466461
98.555077
128.677475
98.394478
128.999741
98.931786
129.437683
99.043030
129.001617
99.045387
128.503769
99.085869
128.977112
98.648369
128.637268
98.589111
129.048721
98.827324
128.966232
98.833557
129.211334
99.429962
128.674133
99.269997
128.953613
98.952568
128.734985
98.412636
128.999252
98.302429
128.913071
98.553688
129.058975
99.111015
128.504471
99.154274
129.141815
99.170288
128.679230
98.712288
129.057266
98.605743
128.683655
98.591667
129.363861
98.705063
128.590668
99.391922
129.096802
99.217651
128.645508
98.933838
129.150238
98.760162
129.010376
98.556419
129.385010
99.090302
127.163361
110.039780
131.582840
116.936150
126.806625
128.596313
131.111740
146.332443
125.741005
167.511215
131.664856
186.347412
126.810318
112.162582
131.583054
121.463844
126.201813
133.397354
131.255386
151.801102
124.680679
173.082504
132.174835
191.557877
126.760284
116.122696
130.529709
125.678314
126.149399
139.885254
130.634735
160.677231
125.221832
182.756332
131.645950
198.947205
126.877258
119.688858
129.787445
130.798981
126.771416
147.797958
130.269791
171.021225
125.632698
193.277802
131.130600
207.381882
126.464134
124.598953
130.443085
135.714340
126.013802
156.851898
130.084381
180.891190
124.674850
201.786606
130.632004
214.345398
125.631706
128.851013
131.001404
143.218964
125.357704
164.241760
130.670731
187.765656
124.461357
206.291855
130.482758
215.998230
136.502930
181.541336
116.949165
181.732941
137.614410
182.693954
116.831650
182.981064
137.628494
184.044556
117.816444
184.826035
137.135910
181.829300
116.694199
182.603088
137.475845
183.628281
116.934029
183.674728
137.272995
185.048843
117.301147
185.340500
137.403992
180.491333
116.481361
181.539032
137.647873
181.939667
116.563774
183.063187
137.744308
183.857437
117.025352
184.922012
137.858643
179.500320
116.338120
179.989548
138.195999
181.015350
116.694908
182.312149
137.787994
183.722519
116.530098
184.945633
138.297562
179.816513
115.993195
179.764954
138.815109
181.060287
116.462570
182.192734
138.061401
183.577652
116.591698
184.826538
138.469757
179.297180
115.917831
180.199844
138.878677
181.488892
116.735901
181.635849
138.137207
183.771408
116.461952
185.375839
127.875740
84.572914
128.799911
83.760239
128.050018
83.504227
128.777786
83.399727
128.236740
84.313110
128.822266
85.362503
128.023300
83.855522
128.767197
83.546349
128.064423
83.201286
128.775070
83.316406
128.342514
84.243675
128.745193
85.052948
127.933578
83.907867
128.730560
83.476425
127.893845
83.444092
128.668488
83.488815
128.139847
83.909531
129.123627
84.569496
127.824135
84.136719
128.843384
83.819939
128.300659
84.012863
128.824646
83.936584
128.513885
84.103340
129.051590
84.836174
128.063980
83.976616
128.955948
83.637779
128.165161
83.737846
128.841080
83.744171
128.352264
84.302643
129.183975
84.685425
127.999184
83.807434
129.046539
83.256485
128.392578
83.311676
128.794174
83.913872
127.946358
83.992889
128.970581
85.130730
129.662491
168.590698
127.613396
180.149323
128.048569
194.645020
128.120865
210.519287
128.260971
224.170471
128.109253
233.765671
128.613892
168.992172
128.601166
182.603500
127.861389
198.593948
127.812897
215.125748
128.357117
228.779236
127.982834
236.536118
128.742798
170.597275
127.895676
185.166107
128.733170
202.387604
127.675247
217.431137
129.061798
231.434113
127.768005
238.564667
129.544189
173.791565
127.092552
187.113678
129.690277
206.398499
126.913925
220.610107
129.366989
233.666077
127.439056
240.513519
129.894485
179.356644
126.982803
193.082153
130.042908
210.813965
126.954506
224.238770
129.080704
235.036224
127.422974
240.970871
129.985001
184.175507
127.445717
198.389053
129.687241
212.935562
127.456703
225.749985
129.155090
235.597809
127.700790
240.880508
126.257599
129.021896
130.108963
128.775452
125.835167
129.455353
129.808823
129.976822
126.393303
130.422272
129.901520
131.501816
125.801727
128.467896
130.033279
128.868332
126.144188
129.802490
129.931458
130.191696
126.438568
130.521942
129.406906
130.817459
126.251053
129.929611
129.983810
128.853104
126.142036
130.409286
130.068909
130.969040
126.274963
131.115753
129.674530
131.586960
126.068939
131.705566
129.740997
132.154312
126.082832
133.026260
129.699249
132.851852
126.480583
131.681778
130.048676
132.289474
126.433739
133.817398
129.854309
133.837646
125.899574
133.883224
129.924561
133.684601
126.460045
133.517242
129.397842
133.560654
126.462006
134.763321
129.481354
134.289398
126.465500
134.585342
129.716858
134.704926
126.568001
133.732819
129.414948
134.032043
